# Created by Octave 4.2.1, Wed Sep 13 11:32:14 2017 GMT <unknown@unknown>
# name: x
# type: scalar
1


# name: y
# type: sq_string
# elements: 1
# length: 6
string


# name: z
# type: scalar
1


